216 
47214
1
0.335938
2
0.664062
3
0.664062
4
0.582031
5
0.671875
6
0.332031
7
0.414062
8
0.753906
9
0.496094
10
0.500000
11
0.250000
12
0.421875
14
0.664062
15
0.578125
16
0.328125
17
0.667969
18
0.328125
20
0.667969
21
0.671875
22
0.671875
23
0.585938
24
0.667969
25
0.664062
27
0.250000
28
0.503906
29
0.500000
30
0.753906
31
0.585938
32
0.664062
33
0.332031
34
0.585938
35
0.339844
36
0.667969
37
0.332031
40
0.335938
41
0.332031
42
0.582031
43
0.328125
44
0.328125
45
0.417969
46
0.750000
47
0.500000
48
0.496094
49
0.746094
50
0.585938
51
0.332031
53
0.417969
54
0.660156
55
0.667969
56
0.671875
58
0.667969
59
0.664062
60
0.328125
61
0.585938
62
0.335938
63
0.332031
64
0.585938
66
0.503906
67
0.503906
68
0.753906
69
0.410156
70
0.667969
71
0.335938
72
0.582031
73
0.664062
74
0.667969
75
0.664062
77
0.332031
79
0.664062
80
0.417969
81
0.332031
82
0.671875
83
0.417969
84
0.750000
85
0.503906
86
0.500000
87
0.746094
88
0.417969
89
0.660156
90
0.667969
92
0.332031
93
0.335938
94
0.671875
96
0.664062
97
0.664062
98
0.332031
99
0.410156
100
0.335938
101
0.664062
102
0.421875
103
0.250000
105
0.503906
106
0.253906
107
0.414062
108
0.335938
109
0.332031
110
0.582031
111
0.667969
112
0.328125
113
0.660156
115
0.660156
116
0.335938
118
0.582031
119
0.660156
120
0.667969
121
0.578125
122
0.750000
123
0.496094
124
0.503906
125
0.250000
126
0.421875
127
0.332031
128
0.339844
129
0.417969
131
0.664062
132
0.339844
134
0.339844
135
0.671875
136
0.332031
137
0.417969
138
0.667969
139
0.664062
140
0.585938
141
0.746094
142
0.496094
144
0.750000
145
0.578125
146
0.335938
147
0.664062
148
0.589844
149
0.667969
150
0.335938
151
0.335938
153
0.328125
154
0.664062
155
0.667969
157
0.332031
158
0.339844
159
0.582031
160
0.253906
161
0.500000
162
0.496094
163
0.250000
164
0.582031
165
0.328125
166
0.667969
167
0.582031
168
0.335938
170
0.667969
172
0.335938
173
0.332031
174
0.335938
175
0.417969
176
0.664062
177
0.332031
178
0.589844
179
0.246094
180
0.496094
181
0.496094
183
0.414062
184
0.667969
185
0.664062
186
0.414062
187
0.671875
188
0.335938
189
0.332031
191
0.328125
192
0.332031
193
0.339844
194
0.582031
196
0.667969
197
0.414062
198
0.253906
199
0.503906
200
0.500000
201
0.250000
202
0.582031
203
0.671875
204
0.671875
205
0.417969
206
0.667969
207
0.664062
210
0.667969
211
0.332031
212
0.660156
213
0.414062
214
0.667969
215
0.335938
216
0.414062
217
0.246094
218
0.500000
219
0.496094
220
0.750000
222
0.335938
223
0.332031
224
0.414062
225
0.328125
226
0.328125
227
0.332031
229
0.671875
230
0.332031
231
0.671875
232
0.421875
233
0.335938
235
0.578125
236
0.750000
237
0.500000
238
0.503906
239
0.246094
240
0.585938
241
0.667969
242
0.328125
243
0.417969
244
0.335938
245
0.335938
246
0.664062