1
0.464844
2
0.453125
3
0.558594
4
0.519531
5
0.519531
6
0.535156
7
0.503906
8
0.496094
9
0.476562
10
0.476562
11
0.527344
12
0.527344
14
0.496094
15
0.539062
16
0.542969
17
0.460938
18
0.484375
20
0.515625
21
0.472656
22
0.492188
23
0.468750
24
0.507812
25
0.523438
27
0.515625
28
0.457031
29
0.515625
30
0.500000
31
0.511719
32
0.554688
33
0.500000
34
0.472656
35
0.441406
36
0.523438
37
0.539062
40
0.472656
41
0.484375
42
0.468750
43
0.488281
44
0.558594
45
0.507812
46
0.472656
47
0.515625
48
0.511719
49
0.539062
50
0.484375
51
0.519531
53
0.468750
54
0.468750
55
0.484375
56
0.480469
58
0.500000
59
0.515625
60
0.468750
61
0.562500
62
0.488281
63
0.429688
64
0.488281
66
0.484375
67
0.480469
68
0.507812
69
0.484375
70
0.511719
71
0.539062
72
0.457031
73
0.433594
74
0.511719
75
0.449219
77
0.468750
79
0.457031
80
0.445312
81
0.464844
82
0.515625
83
0.523438
84
0.496094
85
0.472656
86
0.488281
87
0.511719
88
0.515625
89
0.468750
90
0.523438
92
0.445312
93
0.468750
94
0.472656
96
0.535156
97
0.515625
98
0.542969
99
0.511719
100
0.535156
101
0.527344
102
0.480469
103
0.453125
105
0.441406
106
0.496094
107
0.480469
108
0.531250
109
0.488281
110
0.449219
111
0.542969
112
0.492188
113
0.542969
115
0.453125
116
0.488281
118
0.500000
119
0.484375
120
0.488281
121
0.511719
122
0.468750
123
0.535156
124
0.464844
125
0.531250
126
0.488281
127
0.511719
128
0.515625
129
0.500000
131
0.511719
132
0.546875
134
0.457031
135
0.507812
136
0.457031
137
0.550781
138
0.511719
139
0.468750
140
0.519531
141
0.503906
142
0.558594
144
0.546875
145
0.519531
146
0.472656
147
0.464844
148
0.488281
149
0.457031
150
0.484375
151
0.464844
153
0.527344
154
0.531250
155
0.554688
157
0.476562
158
0.531250
159
0.484375
160
0.488281
161
0.511719
162
0.527344
163
0.503906
164
0.476562
165
0.484375
166
0.535156
167
0.554688
168
0.542969
170
0.531250
172
0.550781
173
0.488281
174
0.566406
175
0.542969
176
0.460938
177
0.488281
178
0.515625
179
0.492188
180
0.519531
181
0.515625
183
0.511719
184
0.570312
185
0.511719
186
0.437500
187
0.531250
188
0.484375
189
0.500000
191
0.519531
192
0.515625
193
0.531250
194
0.531250
196
0.480469
197
0.515625
198
0.460938
199
0.488281
200
0.484375
201
0.527344
202
0.492188
203
0.441406
204
0.511719
205
0.531250
206
0.515625
207
0.527344
210
0.460938
211
0.476562
212
0.558594
213
0.527344
214
0.500000
215
0.445312
216
0.488281
217
0.500000
218
0.484375
219
0.542969
220
0.484375
222
0.476562
223
0.492188
224
0.531250
225
0.507812
226
0.527344
227
0.484375
229
0.515625
230
0.539062
231
0.457031
232
0.460938
233
0.503906
235
0.472656
236
0.472656
237
0.523438
238
0.523438
239
0.503906
240
0.496094
241
0.464844
242
0.480469
243
0.480469
244
0.441406
245
0.546875
246
0.535156
