1
0.535156
2
0.476562
3
0.535156
4
0.453125
5
0.550781
6
0.484375
7
0.488281
8
0.468750
9
0.519531
10
0.523438
11
0.503906
12
0.503906
14
0.480469
15
0.453125
16
0.457031
17
0.472656
18
0.531250
20
0.511719
21
0.457031
22
0.453125
23
0.531250
24
0.503906
25
0.539062
27
0.531250
28
0.515625
29
0.445312
30
0.527344
31
0.496094
32
0.546875
33
0.503906
34
0.535156
35
0.546875
36
0.535156
37
0.472656
40
0.511719
41
0.558594
42
0.550781
43
0.480469
44
0.449219
45
0.503906
46
0.503906
47
0.476562
48
0.515625
49
0.527344
50
0.515625
51
0.500000
53
0.488281
54
0.488281
55
0.503906
56
0.511719
58
0.496094
59
0.492188
60
0.554688
61
0.445312
62
0.511719
63
0.535156
64
0.488281
66
0.472656
67
0.476562
68
0.527344
69
0.488281
70
0.539062
71
0.476562
72
0.539062
73
0.449219
74
0.515625
75
0.425781
77
0.542969
79
0.425781
80
0.457031
81
0.500000
82
0.531250
83
0.527344
84
0.464844
85
0.554688
86
0.511719
87
0.500000
88
0.519531
89
0.433594
90
0.519531
92
0.519531
93
0.515625
94
0.488281
96
0.511719
97
0.531250
98
0.476562
99
0.507812
100
0.488281
101
0.527344
102
0.511719
103
0.515625
105
0.539062
106
0.484375
107
0.480469
108
0.492188
109
0.507812
110
0.546875
111
0.570312
112
0.507812
113
0.531250
115
0.441406
116
0.496094
118
0.488281
119
0.496094
120
0.460938
121
0.480469
122
0.500000
123
0.460938
124
0.460938
125
0.500000
126
0.480469
127
0.460938
128
0.496094
129
0.488281
131
0.496094
132
0.441406
134
0.531250
135
0.507812
136
0.570312
137
0.546875
138
0.507812
139
0.492188
140
0.480469
141
0.484375
142
0.539062
144
0.515625
145
0.511719
146
0.527344
147
0.488281
148
0.507812
149
0.476562
150
0.531250
151
0.511719
153
0.488281
154
0.515625
155
0.519531
157
0.519531
158
0.433594
159
0.519531
160
0.500000
161
0.511719
162
0.554688
163
0.464844
164
0.527344
165
0.531250
166
0.500000
167
0.457031
168
0.425781
170
0.542969
172
0.425781
173
0.515625
174
0.449219
175
0.539062
176
0.476562
177
0.539062
178
0.488281
179
0.527344
180
0.476562
181
0.472656
183
0.488281
184
0.535156
185
0.511719
186
0.445312
187
0.554688
188
0.492188
189
0.496094
191
0.511719
192
0.503906
193
0.488281
194
0.488281
196
0.500000
197
0.515625
198
0.527344
199
0.515625
200
0.476562
201
0.503906
202
0.503906
203
0.449219
204
0.480469
205
0.550781
206
0.558594
207
0.511719
210
0.472656
211
0.535156
212
0.546875
213
0.535156
214
0.503906
215
0.546875
216
0.496094
217
0.527344
218
0.445312
219
0.515625
220
0.531250
222
0.539062
223
0.503906
224
0.531250
225
0.453125
226
0.457031
227
0.511719
229
0.531250
230
0.472656
231
0.457031
232
0.453125
233
0.480469
235
0.503906
236
0.503906
237
0.523438
238
0.519531
239
0.468750
240
0.488281
241
0.484375
242
0.550781
243
0.453125
244
0.535156
245
0.476562
246
0.535156
