1
0.248671
2
0.249085
3
0.250297
4
0.250989
5
0.251145
6
0.251013
7
0.248732
8
0.251266
9
0.248939
10
0.250894
11
0.251305
12
0.251176
14
0.251209
15
0.250832
16
0.248964
17
0.248985
18
0.248872
20
0.251231
21
0.248855
22
0.249242
23
0.250963
24
0.250926
25
0.251053
27
0.248773
28
0.250989
29
0.251273
30
0.248800
31
0.249150
32
0.250948
33
0.250877
34
0.249173
35
0.248969
36
0.251357
37
0.251102
40
0.251184
41
0.251209
42
0.250862
43
0.249004
44
0.248769
45
0.250871
46
0.251049
47
0.249041
48
0.251032
49
0.248817
50
0.248899
51
0.250927
53
0.250992
54
0.251186
55
0.251119
56
0.249316
58
0.249036
59
0.251066
60
0.251033
61
0.251003
62
0.249308
63
0.249273
64
0.250959
66
0.251162
67
0.248702
68
0.249004
69
0.250954
70
0.249079
71
0.248901
72
0.249290
73
0.251123
74
0.250993
75
0.248980
77
0.248911
79
0.249228
80
0.251079
81
0.249053
82
0.250953
83
0.249042
84
0.248900
85
0.249050
86
0.251304
87
0.248680
88
0.251167
89
0.249040
90
0.249265
92
0.248929
93
0.248952
94
0.249077
96
0.250894
97
0.248882
98
0.248901
99
0.251203
100
0.251064
101
0.250873
102
0.249216
103
0.249066
105
0.249039
106
0.248983
107
0.251282
108
0.251128
109
0.250752
110
0.250934
111
0.249282
112
0.249248
113
0.251082
115
0.250960
116
0.249193
118
0.249110
119
0.248984
120
0.251184
121
0.251020
122
0.251215
123
0.250916
124
0.249084
125
0.248785
126
0.248980
127
0.248816
128
0.251016
129
0.250890
131
0.250807
132
0.249040
134
0.248918
135
0.250752
136
0.250718
137
0.249066
138
0.249248
139
0.248872
140
0.248718
141
0.251017
142
0.250961
144
0.250934
145
0.250784
146
0.249127
147
0.248936
148
0.248797
149
0.251099
150
0.251118
151
0.249106
153
0.250923
154
0.251048
155
0.251071
157
0.250735
158
0.250960
159
0.248833
160
0.251320
161
0.248696
162
0.250950
163
0.251100
164
0.250958
165
0.249047
166
0.250947
167
0.248921
168
0.250772
170
0.251089
172
0.251020
173
0.249007
174
0.248877
175
0.250710
176
0.251099
177
0.250921
178
0.249046
179
0.250996
180
0.251298
181
0.248838
183
0.249041
184
0.250727
185
0.250692
186
0.248997
187
0.248967
188
0.248934
189
0.250964
191
0.250684
192
0.248881
193
0.248814
194
0.249008
196
0.249073
197
0.251101
198
0.251183
199
0.248968
200
0.250959
201
0.248951
202
0.249129
203
0.251231
204
0.250996
205
0.249138
206
0.248791
207
0.248816
210
0.248898
211
0.248643
212
0.251031
213
0.250827
214
0.249123
215
0.249052
216
0.250850
217
0.251200
218
0.248727
219
0.249011
220
0.251227
222
0.248947
223
0.249074
224
0.249037
225
0.250758
226
0.251145
227
0.248769
229
0.251128
230
0.251015
231
0.251036
232
0.249168
233
0.248791
235
0.248824
236
0.248695
237
0.249106
238
0.251061
239
0.248734
240
0.251268
241
0.248987
242
0.248855
243
0.249011
244
0.249703
245
0.250915
246
0.251329
