1
0.226454
2
0.247468
3
0.218316
4
0.234520
5
0.254485
6
0.193685
7
0.214374
8
0.290582
9
0.216363
10
0.235116
11
0.262822
12
0.271918
14
0.277452
15
0.215875
16
0.239149
17
0.217538
18
0.254196
20
0.248336
21
0.276331
22
0.274685
23
0.258445
24
0.224863
25
0.280400
27
0.225839
28
0.244593
29
0.258843
30
0.263491
31
0.273003
32
0.291667
33
0.238299
34
0.307708
35
0.259060
36
0.287833
37
0.280219
40
0.243526
41
0.267506
42
0.241772
43
0.217611
44
0.198405
45
0.206380
46
0.288592
47
0.238914
48
0.239113
49
0.235623
50
0.256926
51
0.209907
53
0.218009
54
0.252677
55
0.265372
56
0.270761
58
0.240705
59
0.264413
60
0.242658
61
0.209961
62
0.292318
63
0.287308
64
0.264974
66
0.282498
67
0.220468
68
0.264775
69
0.241356
70
0.285862
71
0.229185
72
0.297164
73
0.235460
74
0.231355
75
0.230451
77
0.243200
79
0.274233
80
0.269368
81
0.249711
82
0.265408
83
0.242007
84
0.280924
85
0.236147
86
0.296929
87
0.232313
88
0.256782
89
0.227521
90
0.279912
92
0.223307
93
0.252604
94
0.259928
96
0.220052
97
0.255299
98
0.249005
99
0.208134
100
0.251537
101
0.233380
102
0.239601
103
0.242730
105
0.247486
106
0.225893
107
0.245750
108
0.279188
109
0.247396
110
0.282444
111
0.259856
112
0.221571
113
0.239366
115
0.256637
116
0.246130
118
0.291504
119
0.224863
120
0.257360
121
0.249566
122
0.285048
123
0.201280
124
0.298720
125
0.214952
126
0.250434
127
0.242640
128
0.275137
129
0.208496
131
0.253870
132
0.243363
134
0.260634
135
0.278429
136
0.240144
137
0.217556
138
0.252604
139
0.220812
140
0.254250
141
0.274107
142
0.252514
144
0.257270
145
0.260399
146
0.266620
147
0.248463
148
0.291866
149
0.250995
150
0.244701
151
0.279948
153
0.240072
154
0.247396
155
0.276693
157
0.220088
158
0.272479
159
0.243218
160
0.267687
161
0.203071
162
0.263853
163
0.219076
164
0.257993
165
0.234592
166
0.250289
167
0.230632
168
0.225767
170
0.256800
172
0.269549
173
0.268645
174
0.264540
175
0.202836
176
0.270815
177
0.214138
178
0.258644
179
0.235225
180
0.279532
181
0.217502
183
0.235026
184
0.212692
185
0.207682
186
0.290039
187
0.257342
188
0.235587
189
0.259295
191
0.229239
192
0.234628
193
0.247323
194
0.281991
196
0.290093
197
0.243074
198
0.264377
199
0.260887
200
0.261086
201
0.211408
202
0.293620
203
0.301595
204
0.282389
205
0.258228
206
0.232494
207
0.256474
210
0.219781
211
0.212167
212
0.240940
213
0.192292
214
0.261701
215
0.208333
216
0.226997
217
0.236509
218
0.241157
219
0.255407
220
0.274161
222
0.219600
223
0.275137
224
0.241555
225
0.225315
226
0.223669
227
0.251664
229
0.245804
230
0.282462
231
0.260851
232
0.284125
233
0.222548
235
0.228082
236
0.237178
237
0.264884
238
0.283637
239
0.209418
240
0.285626
241
0.306315
242
0.245515
243
0.265480
244
0.281684
245
0.252532
246
0.273546
