1
0.252215
2
0.252054
3
0.250481
4
0.249922
5
0.251963
6
0.249739
7
0.252094
8
0.252221
9
0.251719
10
0.250182
11
0.251646
12
0.252177
14
0.252115
15
0.249971
16
0.252304
17
0.252154
18
0.252159
20
0.252157
21
0.249857
22
0.250214
23
0.252287
24
0.250103
25
0.252203
27
0.252206
28
0.250083
29
0.252350
30
0.250403
31
0.250168
32
0.251592
33
0.250120
34
0.249887
35
0.250218
36
0.252486
37
0.251747
40
0.250061
41
0.252106
42
0.250119
43
0.252167
44
0.251992
45
0.250257
46
0.252300
47
0.249792
48
0.249796
49
0.251964
50
0.251747
51
0.250204
53
0.250149
54
0.252154
55
0.252355
56
0.250364
58
0.250321
59
0.251956
60
0.249935
61
0.249892
62
0.250483
63
0.249998
64
0.252258
66
0.252196
67
0.252038
68
0.250049
69
0.250249
70
0.249804
71
0.252056
72
0.249751
73
0.249699
74
0.250204
75
0.252002
77
0.252295
79
0.250087
80
0.251922
81
0.252306
82
0.251915
83
0.250217
84
0.250230
85
0.249627
86
0.251981
87
0.252394
88
0.252002
89
0.251950
90
0.250063
92
0.251941
93
0.250149
94
0.250011
96
0.250254
97
0.249986
98
0.252073
99
0.249652
100
0.252171
101
0.250361
102
0.251646
103
0.252126
105
0.250289
106
0.251747
107
0.250011
108
0.251885
109
0.249774
110
0.251603
111
0.250103
112
0.251575
113
0.250326
115
0.251646
116
0.251916
118
0.250103
119
0.252104
120
0.252099
121
0.250211
122
0.252173
123
0.249728
124
0.249728
125
0.252173
126
0.250211
127
0.252099
128
0.252104
129
0.250103
131
0.251916
132
0.251646
134
0.250326
135
0.251575
136
0.250103
137
0.251603
138
0.249774
139
0.251885
140
0.250011
141
0.251747
142
0.250289
144
0.252126
145
0.251646
146
0.250361
147
0.252171
148
0.249652
149
0.252073
150
0.249986
151
0.250254
153
0.250011
154
0.250149
155
0.251941
157
0.250063
158
0.251950
159
0.252002
160
0.252394
161
0.251981
162
0.249627
163
0.250230
164
0.250217
165
0.251915
166
0.252306
167
0.251922
168
0.250087
170
0.252295
172
0.252002
173
0.250204
174
0.249699
175
0.249751
176
0.252056
177
0.249804
178
0.250249
179
0.250049
180
0.252038
181
0.252196
183
0.252258
184
0.249998
185
0.250483
186
0.249892
187
0.249935
188
0.251956
189
0.250321
191
0.250364
192
0.252355
193
0.252154
194
0.250149
196
0.250204
197
0.251747
198
0.251964
199
0.249796
200
0.249792
201
0.252300
202
0.250257
203
0.251992
204
0.252167
205
0.250119
206
0.252106
207
0.250061
210
0.251747
211
0.252486
212
0.250218
213
0.249887
214
0.250120
215
0.251592
216
0.250168
217
0.250403
218
0.252350
219
0.250083
220
0.252206
222
0.252203
223
0.250103
224
0.252287
225
0.250214
226
0.249857
227
0.252157
229
0.252159
230
0.252154
231
0.252304
232
0.249971
233
0.252115
235
0.252177
236
0.251646
237
0.250182
238
0.251719
239
0.252221
240
0.252094
241
0.249739
242
0.251963
243
0.249922
244
0.250481
245
0.252054
246
0.252215
